QGC WPL 120
0	1	0	16	0	0	0	0	73.4991989135742188	-43.9542007446289062	250	1
1	0	0	16	0	0	0	0	73.5015029907226562	-44.0181007385253906	250	1
2	0	0	16	0	0	0	0	73.5178985595703125	-44.1314010620117188	250	1
3	0	0	16	0	0	0	0	73.5503997802734375	-44.1842994689941406	250	1
4	0	0	16	0	0	0	0	73.5753021240234375	-44.0881004333496094	250	1
5	0	0	16	0	0	0	0	73.580902099609375	-43.948699951171875	250	1
6	0	0	16	0	0	0	0	73.5608978271484375	-43.8306007385253906	250	1
7	0	0	16	0	0	0	0	73.532501220703125	-43.8017997741699219	250	1
8	0	0	16	0	0	0	0	73.5085983276367188	-43.8680992126464844	250	1








